Generated by SparseLib++                                                SL++    
            11             2             2             3             0
RUA                       11            11            11
(8I10)          (8I10)          (4E20.16)           (4E20.16)           
         1         2         3         4         5         6         7         8
         9        10        11        12
         1         2         3         4         5         6         7         8
         9        10        11
  0.000000000000E+00  1.953329632588E+00  8.778400769852E+00  2.651586400888E+01
  6.334808299652E+01  1.297952395645E+02  2.387153337292E+02  4.053041836920E+02
  6.470954258390E+02  9.839605147411E+02  1.438108723154E+03

