134
   8.7715260e-01
   8.4626598e-01
   8.9797219e-01
   8.8699038e-01
   9.8924455e-01
   1.0133848e+00
   9.7665974e-01
   9.9181429e-01
   9.2221719e-01
   9.5972150e-01
   8.9624162e-01
   8.9401655e-01
   8.2978348e-01
   8.0313907e-01
   8.9816698e-01
   8.7373919e-01
   8.4947826e-01
   8.6047726e-01
   8.5607686e-01
   8.6512160e-01
   9.0247652e-01
   9.3708857e-01
   9.5201607e-01
   1.0191967e+00
   9.0710964e-01
   9.4436945e-01
   9.2802140e-01
   9.6595390e-01
   9.3539683e-01
   9.2157400e-01
   9.4120217e-01
   9.4372771e-01
   9.1418312e-01
   9.0051307e-01
   8.6506898e-01
   8.5522779e-01
   8.3207800e-01
   8.5885252e-01
   8.1919374e-01
   8.4825152e-01
   8.9807240e-01
   9.3264574e-01
   8.9725769e-01
   9.2860571e-01
   9.2379662e-01
   8.7836588e-01
   9.1497024e-01
   8.5373855e-01
   1.0979395e+00
   1.1179546e+00
   1.0279165e+00
   1.0462102e+00
   1.0320909e+00
   1.0550782e+00
   8.9263455e-01
   9.2401064e-01
   1.0329134e+00
   1.0616991e+00
   9.8227369e-01
   1.0303495e+00
   1.0210462e+00
   9.9940283e-01
   9.6127017e-01
   9.3632307e-01
   1.1961767e+00
   1.2230640e+00
   1.2164005e+00
   7.5147590e-01
   7.3382395e-01
   7.5471314e-01
   7.0347414e-01
   7.5357317e-01
   7.4782083e-01
   7.0070560e-01
   7.4162240e-01
   6.6172748e-01
   7.2376119e-01
   6.5787802e-01
   6.9731681e-01
   6.1815121e-01
   5.7693879e-01
   6.1277902e-01
   5.3063732e-01
   6.0264024e-01
   6.5234612e-01
   6.4259017e-01
   7.0732088e-01
   7.2748619e-01
   7.3839414e-01
   7.8097502e-01
   8.1579776e-01
   7.1705098e-01
   7.3205612e-01
   7.2173974e-01
   7.0313233e-01
   6.5820257e-01
   6.9433745e-01
   6.5323748e-01
   6.9928964e-01
   6.4858398e-01
   6.2624593e-01
   5.9924876e-01
   5.5053933e-01
   6.0089726e-01
   5.8325460e-01
   6.0864498e-01
   5.8347629e-01
   6.7185690e-01
   7.0100669e-01
   6.7540126e-01
   6.7811721e-01
   7.3998438e-01
   7.1426640e-01
   7.3187119e-01
   7.0530869e-01
   8.0819850e-01
   8.1982945e-01
   7.1931105e-01
   7.1849674e-01
   7.4257355e-01
   7.8479350e-01
   5.7018924e-01
   6.0693211e-01
   7.3563895e-01
   7.2952114e-01
   6.2133955e-01
   6.2453611e-01
   7.9676838e-01
   7.7474074e-01
   7.6404293e-01
   7.4629736e-01
   9.7918607e-01
   1.0099560e+00
   1.0464947e+00

